0 200 0 25.00 0.00 30.00
0 100 200 40.00 0.00 -10.00
0 23 300 -35.00 12.00 -10.00
16.8 12.4 400 10.00 5.00 -10.00
24.7 4.1 500.5 0.00 5.00 -10.00
43.9 4.1 601.1 0.00 10.00 20.00
55.2 4.1 700 0.00 10.00 20.00
72.2 4.1 797 0.00 15.00 -20.00
88.2 4.1 900 0.00 10.00 -20.00
96.6 0.545 1000 0.00 10.00 20.00
105.7 25.41 1100 -20.00 30.00 -10.00
134.7 58.7 1200 -35.00 45.00 -35.00
160.3 84.75 1292.8 25.00 60.00 -45.00
193 70.4 1327.4 45.00 90.00 -25.00
237.3 42.9 1335.1 10.00 100.00 -15.00
275.7 21.135 1336.9 0.00 100.00 -10.00
307 18.8 1336.6 0.00 100.00 -10.00
361.5 12.5 1326.7 0.00 110.00 10.00
460 3.19 1305.3 0.00 115.00 10.00
560 4.47 1271.3 0.00 115.12 30.00
660 17.23 1236.5 0.00 116.27 30.00
760 4.8 1195.9 0.00 112.84 -10.00
860 3.6 1162.5 0.00 112.11 -20.00
960 2.8 1125.2 1.06 111.83 -10.00
1060 4.8 1087.3 1.08 96.87 10.00
1160 8 1064.8 -3.85 56.84 20.00
1260 22.87 1063 -3.64 25.00 30.00
1323.4 33.4 1101.1 -1.17 25.00 40.00
1363.1 39.2 1142.2 -1.36 20.00 30.00
1386.6 36.4 1170.3 -2.69 15.00 30.00
1407.5 32.6 1200.7 0.18 15.00 20.00
1428.6 22.87 1239.3 0.00 0.00 10.00
1444.3 2.97 1297 -0.07 16.05 -10.00
1459.4 5.799999 1356 -15.00 14.60 -20.00
1472.6 14.2 1425.6 -20.00 12.25 -30.00
1493.2 30.4 1498 20.00 10.00 -10.00
1509.9 14.49999 1598 10.00 15.00 10.00
1534.9 14.49999 1697.8 0.00 10.00 10.00
1550.9 14.49999 1798 0.00 2.68 -10.00
1553.5 14.49999 1898 0.00 3.63 -10.00
1554.3 14.49999 1998 0.00 0.00 -10.00
1559.5 14.49999 2098 0.00 0.00 10.00
1559.8 14.49999 2198 0.00 0.00 20.00
1569.7 14.49999 2298 -0.47 -42.13 25.00
1548.7 14.49999 2357.9 -5.30 -70.88 30.00
1505.7 14.49999 2416.9 2.25 -86.94 20.24
1454.8 14.49999 2448.1 -3.79 -89.68 12.58
1400.2 14.49999 2456.4 -0.20 -87.54 0.30
1341 14.49999 2458.7 0.00 -95.48 0.00
1241 14.49999 2445.9 0.00 -98.83 0.00
1141 14.49999 2427.2 0.00 -103.02 0.00
1041 14.49999 2402.4 -0.01 -102.71 -0.01
941 14.49999 2384 0.00 -104.29 0.00
841 14.49999 2358.1 0.00 -102.03 0.00
741 14.49999 2334.8 0.00 -101.66 0.00
641 14.49999 2312.1 0.00 -101.39 0.00
540.8 14.49999 2293.1 0.00 -93.79 0.00
443.5562 14.49999 2242.677 0.00 -87.79 0.00
341 14.49999 2287.7 0.00 -83.62 0.00
241 14.49999 2298.9 0.00 -79.18 0.00
141 14.49999 2320.2 0.00 -65.99 0.00
41 14.49999 2372.9 0.00 -58.87 0.00
-59 14.49999 2434.5 0.00 -60.05 0.00
-159 14.49999 2490 0.00 -73.66 0.00
-259 14.49999 2519.3 0.00 -71.13 0.00
-359 14.49999 2554 0.00 -70.38 0.00
-459 14.49999 2590.6 0.00 -70.07 0.00
-559 14.49999 2626.9 0.00 -68.22 0.00
-660.2178 14.49999 2680.363 0.00 -64.88 0.00
-759 14.49999 2709.4 0.00 -58.79 0.00
-859 14.49999 2773.5 0.00 -56.73 0.00
-959 14.49999 2842.5 1.99 -48.86 -0.16
-1064.3 17.4 2909.5 -12.49 -23.61 -24.10
-1093.5 30.1 2942.4 0.15 28.36 -23.01
-1108.2 38.3 2994.1 12.31 34.29 -21.94
-1117 31.6 3059.4 0.00 -3.03 0.00
-1119 9.5 3126.7 0.00 -4.67 0.00
-1118.6 0 3188.4 0.00 -3.16 0.00
-1121.9 0 3286.6 0.00 2.50 0.00
-1117.2 16.39999 3391.1 5.59 31.57 -18.33
-1090.1 33 3469.5 -6.32 65.63 -26.21
-1066.4 42.4 3503.1 -12.51 92.89 -29.03
-1041.1 47.4 3520.4 1.97 103.24 -24.67
-1008.5 52 3535.6 0.29 97.90 -28.18
-976.7 55.4 3548.5 -2.75 107.43 -23.84
-935.4 54.9 3560.7 -2.87 108.52 -25.05
-906.5 51.2 3560.6 0.31 108.58 -12.24
-883.9 48.7 3553 -0.27 123.94 -5.63
-862.2 43.6 3543 0.00 123.61 0.00
-824.74 31.1 3521.21 3.28 108.21 21.48
-773 17.7 3503.2 0.00 96.03 0.00
-707 19.6 3499.8 0.00 92.14 0.00
-607 19.6 3499.8 0.00 91.54 0.00
-507 31.6 3499.8 0.00 91.61 0.00
-407 53.09999 3499.8 0.00 93.18 0.00
-307 53.09999 3491.6 0.00 95.73 0.00
-207 53.09999 3482 0.00 93.71 0.00
-107 53.09999 3476.4 0.00 89.64 0.00
-7 53.09999 3475.3 0.00 88.02 4.08
93 53.09999 3482.4 0.00 82.78 10.54
193 53.09999 3498.8 0.90 59.60 13.86
293 51.8 3542.2 -0.67 3.11 27.51
344.6 46.59 3592.88 0.86 -13.91 31.97
364.55 44.55 3640.21 4.30 -37.59 42.82
367.6 43.8 3685.2 9.06 -43.62 23.92
362.8 42.3 3747.8 -10.65 -30.59 26.38
342.7 42.3 3805.3 1.02 -42.30 10.88
310.4 42.6 3848.8 0.00 -42.22 0.00
248.7 42.3 3916 0.00 -47.18 0.00
149.1 42.3 4002.8 0.00 -62.01 0.00
49.1 42.3 4062.9 0.00 -62.00 0.00
-52.8 42.3 4115.4 0.00 -65.31 0.00
-167.37 43.18 4169.69 -9.83 -46.25 -23.42
-261 42.3 4229.2 2.64 -6.70 -30.77
-348.7 42.3 4310.8 -1.04 19.23 -24.36
-399.2 42.3 4380.4 3.47 43.13 -38.36
-395.8 42.8 4435.4 8.24 58.00 -37.04
-371 42.3 4490.7 0.00 27.65 0.00
-320 42.3 4577.9 0.00 36.29 0.00
-239.9 126.4 4678.8 0.00 36.53 0.00
-160 124 4792.2 0.00 37.08 0.00
-81.7 124 4897.2 0.00 38.26 0.00
-28 124 4965.1 0.00 36.00 0.00
32.60006 124 5041 0.00 44.57 0.00
76.1 124 5087.8 0.00 39.08 0.00
125 124 5145.2 0.00 42.52 0.00
187.4 124 5202.3 0.00 39.66 0.00
