5,3,5 -6 2 0 
4,3,5 -9 2 0 
3,3,5 -12 2 0 
2,3,5 -15 2 0 
1,3,5 -18 2 0 
0,3,5 -21 2 0 
5,2,5 -6 5 0 
4,2,5 -9 5 0 
3,2,5 -12 5 0 
2,2,5 -15 5 0 
1,2,5 -18 5 0 
0,2,5 -21 5 0 
5,1,5 -6 8 0 
4,1,5 -9 8 0 
3,1,5 -12 8 0 
2,1,5 -15 8 0 
1,1,5 -18 8 0 
0,1,5 -21 8 0 
5,0,5 -6 11 0 
4,0,5 -9 11 0 
3,0,5 -12 11 0 
2,0,5 -15 11 0 
1,0,5 -18 11 0 
0,0,5 -21 11 0 
Far_T0_MidM -21.01 35 0.01000977 
Far_T1_MidM -18.01 35 0.01000977 
Far_T2_MidM -15.01 35 0.01000977 
Far_T3_MidM -12.01 35 0.01000977 
Far_T4_MidM -9.009998 35 0.01000977 
Far_T5_MidM -6.01 35 0.01000977 
Near_L3_MidM -27 2 0.01000977 
Near_L2_MidM -27 5 0.01000977 
Near_L1_MidM -27 8 0.01000977 
Near_L0_MidM -27 11 0.01000977 
Near_T0_MidM -21.01 20 0.01000977 
Near_T1_MidM -18.01 20 0.01000977 
Near_T2_MidM -15.01 20 0.01000977 
Near_T3_MidM -12.01 20 0.01000977 
Near_T4_MidM -9.009998 20 0.01000977 
Near_T5_MidM -6.01 20 0.01000977 
Near_R0_MidM 27 11 0.01000977 
Near_R1_MidM 27 8 0.01000977 
Near_R2_MidM 27 5 0.01000977 
Near_R3_MidM 27 2 0.01000977 
6,3,5 -3 2 0 
6,2,5 -3 5 0 
6,1,5 -3 8 0 
6,0,5 -3 11 0 
7,3,5 0 2 0 
7,2,5 0 5 0 
7,1,5 0 8 0 
7,0,5 0 11 0 
8,3,5 3 2 0 
8,2,5 3 5 0 
8,1,5 3 8 0 
8,0,5 3 11 0 
14,3,5 21 2 0 
13,3,5 18 2 0 
12,3,5 15 2 0 
11,3,5 12 2 0 
10,3,5 9 2 0 
9,3,5 6 2 0 
14,2,5 21 5 0 
13,2,5 18 5 0 
12,2,5 15 5 0 
11,2,5 12 5 0 
10,2,5 9 5 0 
9,2,5 6 5 0 
14,1,5 21 8 0 
13,1,5 18 8 0 
12,1,5 15 8 0 
11,1,5 12 8 0 
10,1,5 9 8 0 
9,1,5 6 8 0 
14,0,5 21 11 0 
13,0,5 18 11 0 
12,0,5 15 11 0 
11,0,5 12 11 0 
10,0,5 9 11 0 
9,0,5 6 11 0 
Near_L7_MidM -27 -10 0.01000977 
Near_L6_MidM -27 -7 0.01000977 
Near_L5_MidM -27 -4 0.01000977 
Near_L4_MidM -27 -1 0.01000977 
Near_R4_MidM 27 -1 0.01000977 
Near_R5_MidM 27 -4 0.01000977 
Near_R6_MidM 27 -7 0.01000977 
Near_R7_MidM 27 -10 0.01000977 
Near_T6_MidM -3.009998 20 0.01000977 
Near_T7_MidM -0.009998322 20 0.01000977 
Near_T8_MidM 2.990002 20 0.01000977 
Near_T9_MidM 5.990001 20 0.01000977 
Near_T10_MidM 8.990002 20 0.01000977 
Near_T11_MidM 11.99 20 0.01000977 
Near_T12_MidM 14.99 20 0.01000977 
Near_T13_MidM 17.99 20 0.01000977 
Near_T14_MidM 20.99 20 0.01000977 
Far_T6_MidM -3.009999 35 0.01000977 
Far_T7_MidM -0.009998798 35 0.01000977 
Far_T8_MidM 2.990002 35 0.01000977 
Far_T9_MidM 5.99 35 0.01000977 
Far_T10_MidM 8.990002 35 0.01000977 
Far_T11_MidM 11.99 35 0.01000977 
Far_T12_MidM 14.99 35 0.01000977 
Far_T13_MidM 17.99 35 0.01000977 
Far_T14_MidM 20.99 35 0.01000977 
5,7,5 -6 -10 0 
4,7,5 -9 -10 0 
3,7,5 -12 -10 0 
2,7,5 -15 -10 0 
1,7,5 -18 -10 0 
0,7,5 -21 -10 0 
5,6,5 -6 -7 0 
4,6,5 -9 -7 0 
3,6,5 -12 -7 0 
2,6,5 -15 -7 0 
1,6,5 -18 -7 0 
0,6,5 -21 -7 0 
5,5,5 -6 -4 0 
4,5,5 -9 -4 0 
3,5,5 -12 -4 0 
2,5,5 -15 -4 0 
1,5,5 -18 -4 0 
0,5,5 -21 -4 0 
5,4,5 -6 -1 0 
4,4,5 -9 -1 0 
3,4,5 -12 -1 0 
2,4,5 -15 -1 0 
1,4,5 -18 -1 0 
0,4,5 -21 -1 0 
6,7,5 -3 -10 0 
6,6,5 -3 -7 0 
6,5,5 -3 -4 0 
6,4,5 -3 -1 0 
7,7,5 0 -10 0 
7,6,5 0 -7 0 
7,5,5 0 -4 0 
7,4,5 0 -1 0 
8,7,5 3 -10 0 
8,6,5 3 -7 0 
8,5,5 3 -4 0 
8,4,5 3 -1 0 
14,7,5 21 -10 0 
13,7,5 18 -10 0 
12,7,5 15 -10 0 
11,7,5 12 -10 0 
10,7,5 9 -10 0 
9,7,5 6 -10 0 
14,6,5 21 -7 0 
13,6,5 18 -7 0 
12,6,5 15 -7 0 
11,6,5 12 -7 0 
10,6,5 9 -7 0 
9,6,5 6 -7 0 
14,5,5 21 -4 0 
13,5,5 18 -4 0 
12,5,5 15 -4 0 
11,5,5 12 -4 0 
10,5,5 9 -4 0 
9,5,5 6 -4 0 
14,4,5 21 -1 0 
13,4,5 18 -1 0 
12,4,5 15 -1 0 
11,4,5 12 -1 0 
10,4,5 9 -1 0 
9,4,5 6 -1 0 
