5,3,0 -6 2 0 
4,3,0 -9 2 0 
3,3,0 -12 2 0 
2,3,0 -15 2 0 
1,3,0 -18 2 0 
0,3,0 -21 2 0 
5,2,0 -6 5 0 
4,2,0 -9 5 0 
3,2,0 -12 5 0 
2,2,0 -15 5 0 
1,2,0 -18 5 0 
0,2,0 -21 5 0 
5,1,0 -6 8 0 
4,1,0 -9 8 0 
3,1,0 -12 8 0 
2,1,0 -15 8 0 
1,1,0 -18 8 0 
0,1,0 -21 8 0 
5,0,0 -6 11 0 
4,0,0 -9 11 0 
3,0,0 -12 11 0 
2,0,0 -15 11 0 
1,0,0 -18 11 0 
0,0,0 -21 11 0 
Far_L3 -36 2 0.01000977 
Far_L2 -36 5 0.01000977 
Far_L1 -36 8 0.01000977 
Far_L0 -36 11 0.01000977 
Far_T0 -21.01 35 0.01000977 
Far_T1 -18.01 35 0.01000977 
Far_T2 -15.01 35 0.01000977 
Far_T3 -12.01 35 0.01000977 
Far_T4 -9.009998 35 0.01000977 
Far_T5 -6.01 35 0.01000977 
Far_R0 36 11 0.01000977 
Far_R1 36 8 0.01000977 
Far_R2 36 5 0.01000977 
Far_R3 36 2 0.01000977 
Near_L3_End -27 2 0.01000977 
Near_L2_End -27 5 0.01000977 
Near_L1_End -27 8 0.01000977 
Near_L0_End -27 11 0.01000977 
Near_T0_End -21.01 20 0.01000977 
Near_T1_End -18.01 20 0.01000977 
Near_T2_End -15.01 20 0.01000977 
Near_T3_End -12.01 20 0.01000977 
Near_T4_End -9.009998 20 0.01000977 
Near_T5_End -6.01 20 0.01000977 
Near_R0_End 27 11 0.01000977 
Near_R1_End 27 8 0.01000977 
Near_R2_End 27 5 0.01000977 
Near_R3_End 27 2 0.01000977 
6,3,0 -3 2 0 
6,2,0 -3 5 0 
6,1,0 -3 8 0 
6,0,0 -3 11 0 
7,3,0 0 2 0 
7,2,0 0 5 0 
7,1,0 0 8 0 
7,0,0 0 11 0 
8,3,0 3 2 0 
8,2,0 3 5 0 
8,1,0 3 8 0 
8,0,0 3 11 0 
14,3,0 21 2 0 
13,3,0 18 2 0 
12,3,0 15 2 0 
11,3,0 12 2 0 
10,3,0 9 2 0 
9,3,0 6 2 0 
14,2,0 21 5 0 
13,2,0 18 5 0 
12,2,0 15 5 0 
11,2,0 12 5 0 
10,2,0 9 5 0 
9,2,0 6 5 0 
14,1,0 21 8 0 
13,1,0 18 8 0 
12,1,0 15 8 0 
11,1,0 12 8 0 
10,1,0 9 8 0 
9,1,0 6 8 0 
14,0,0 21 11 0 
13,0,0 18 11 0 
12,0,0 15 11 0 
11,0,0 12 11 0 
10,0,0 9 11 0 
9,0,0 6 11 0 
Far_L7 -36 -10 0.01000977 
Far_L6 -36 -7 0.01000977 
Far_L5 -36 -4 0.01000977 
Far_L4 -36 -1 0.01000977 
Near_L7 -27 -10 0.01000977 
Near_L6 -27 -7 0.01000977 
Near_L5 -27 -4 0.01000977 
Near_L4 -27 -1 0.01000977 
Near_R4 27 -1 0.01000977 
Near_R5 27 -4 0.01000977 
Near_R6 27 -7 0.01000977 
Near_R7 27 -10 0.01000977 
Far_R4 36 -1 0.01000977 
Far_R5 36 -4 0.01000977 
Far_R6 36 -7 0.01000977 
Far_R7 36 -10 0.01000977 
Near_T6_End -3.009998 20 0.01000977 
Near_T7_End -0.009998322 20 0.01000977 
Near_T8_End 2.990002 20 0.01000977 
Near_T9_End 5.990001 20 0.01000977 
Near_T10_End 8.990002 20 0.01000977 
Near_T11_End 11.99 20 0.01000977 
Near_T12_End 14.99 20 0.01000977 
Near_T13_End 17.99 20 0.01000977 
Near_T14_End 20.99 20 0.01000977 
Far_T6 -3.009999 35 0.01000977 
Far_T7 -0.009998798 35 0.01000977 
Far_T8 2.990002 35 0.01000977 
Far_T9 5.99 35 0.01000977 
Far_T10 8.990002 35 0.01000977 
Far_T11 11.99 35 0.01000977 
Far_T12 14.99 35 0.01000977 
Far_T13 17.99 35 0.01000977 
Far_T14 20.99 35 0.01000977 
5,7,0 -6 -10 0 
4,7,0 -9 -10 0 
3,7,0 -12 -10 0 
2,7,0 -15 -10 0 
1,7,0 -18 -10 0 
0,7,0 -21 -10 0 
5,6,0 -6 -7 0 
4,6,0 -9 -7 0 
3,6,0 -12 -7 0 
2,6,0 -15 -7 0 
1,6,0 -18 -7 0 
0,6,0 -21 -7 0 
5,5,0 -6 -4 0 
4,5,0 -9 -4 0 
3,5,0 -12 -4 0 
2,5,0 -15 -4 0 
1,5,0 -18 -4 0 
0,5,0 -21 -4 0 
5,4,0 -6 -1 0 
4,4,0 -9 -1 0 
3,4,0 -12 -1 0 
2,4,0 -15 -1 0 
1,4,0 -18 -1 0 
0,4,0 -21 -1 0 
6,7,0 -3 -10 0 
6,6,0 -3 -7 0 
6,5,0 -3 -4 0 
6,4,0 -3 -1 0 
7,7,0 0 -10 0 
7,6,0 0 -7 0 
7,5,0 0 -4 0 
7,4,0 0 -1 0 
8,7,0 3 -10 0 
8,6,0 3 -7 0 
8,5,0 3 -4 0 
8,4,0 3 -1 0 
14,7,0 21 -10 0 
13,7,0 18 -10 0 
12,7,0 15 -10 0 
11,7,0 12 -10 0 
10,7,0 9 -10 0 
9,7,0 6 -10 0 
14,6,0 21 -7 0 
13,6,0 18 -7 0 
12,6,0 15 -7 0 
11,6,0 12 -7 0 
10,6,0 9 -7 0 
9,6,0 6 -7 0 
14,5,0 21 -4 0 
13,5,0 18 -4 0 
12,5,0 15 -4 0 
11,5,0 12 -4 0 
10,5,0 9 -4 0 
9,5,0 6 -4 0 
14,4,0 21 -1 0 
13,4,0 18 -1 0 
12,4,0 15 -1 0 
11,4,0 12 -1 0 
10,4,0 9 -1 0 
9,4,0 6 -1 0 
