5,3,8 -6 2 0 
4,3,8 -9 2 0 
3,3,8 -12 2 0 
2,3,8 -15 2 0 
1,3,8 -18 2 0 
0,3,8 -21 2 0 
5,2,8 -6 5 0 
4,2,8 -9 5 0 
3,2,8 -12 5 0 
2,2,8 -15 5 0 
1,2,8 -18 5 0 
0,2,8 -21 5 0 
5,1,8 -6 8 0 
4,1,8 -9 8 0 
3,1,8 -12 8 0 
2,1,8 -15 8 0 
1,1,8 -18 8 0 
0,1,8 -21 8 0 
5,0,8 -6 11 0 
4,0,8 -9 11 0 
3,0,8 -12 11 0 
2,0,8 -15 11 0 
1,0,8 -18 11 0 
0,0,8 -21 11 0 
Far_T0_MidC -21.01 35 0.01000977 
Far_T1_MidC -18.01 35 0.01000977 
Far_T2_MidC -15.01 35 0.01000977 
Far_T3_MidC -12.01 35 0.01000977 
Far_T4_MidC -9.009998 35 0.01000977 
Far_T5_MidC -6.01 35 0.01000977 
Near_L3_MidC -27 2 0.01000977 
Near_L2_MidC -27 5 0.01000977 
Near_L1_MidC -27 8 0.01000977 
Near_L0_MidC -27 11 0.01000977 
Near_T0__MidC -21.01 20 0.01000977 
Near_T1_MidC -18.01 20 0.01000977 
Near_T2_MidC -15.01 20 0.01000977 
Near_T3_MidC -12.01 20 0.01000977 
Near_T4_MidC -9.009998 20 0.01000977 
Near_T5_MidC -6.01 20 0.01000977 
Near_R0_MidC 27 11 0.01000977 
Near_R1_MidC 27 8 0.01000977 
Near_R2_MidC 27 5 0.01000977 
Near_R3_MidC 27 2 0.01000977 
6,3,8 -3 2 0 
6,2,8 -3 5 0 
6,1,8 -3 8 0 
6,0,8 -3 11 0 
7,3,8 0 2 0 
7,2,8 0 5 0 
7,1,8 0 8 0 
7,0,8 0 11 0 
8,3,8 3 2 0 
8,2,8 3 5 0 
8,1,8 3 8 0 
8,0,8 3 11 0 
14,3,8 21 2 0 
13,3,8 18 2 0 
12,3,8 15 2 0 
11,3,8 12 2 0 
10,3,8 9 2 0 
9,3,8 6 2 0 
14,2,8 21 5 0 
13,2,8 18 5 0 
12,2,8 15 5 0 
11,2,8 12 5 0 
10,2,8 9 5 0 
9,2,8 6 5 0 
14,1,8 21 8 0 
13,1,8 18 8 0 
12,1,8 15 8 0 
11,1,8 12 8 0 
10,1,8 9 8 0 
9,1,8 6 8 0 
14,0,8 21 11 0 
13,0,8 18 11 0 
12,0,8 15 11 0 
11,0,8 12 11 0 
10,0,8 9 11 0 
9,0,8 6 11 0 
Near_L7_MidC -27 -10 0.01000977 
Near_L6_MidC -27 -7 0.01000977 
Near_L5_MidC -27 -4 0.01000977 
Near_L4_MidC -27 -1 0.01000977 
Near_R4_MidC 27 -1 0.01000977 
Near_R5_MidC 27 -4 0.01000977 
Near_R6_MidC 27 -7 0.01000977 
Near_R7_MidC 27 -10 0.01000977 
Near_T6_MidC -3.009998 20 0.01000977 
Near_T7_MidC -0.009998322 20 0.01000977 
Near_T8_MidC 2.990002 20 0.01000977 
Near_T9_MidC 5.990001 20 0.01000977 
Near_T10_MidC 8.990002 20 0.01000977 
Near_T11_MidC 11.99 20 0.01000977 
Near_T12_MidC 14.99 20 0.01000977 
Near_T13_MidC 17.99 20 0.01000977 
Near_T14_MidC 20.99 20 0.01000977 
Far_T6_MidC -3.009999 35 0.01000977 
Far_T7_MidC -0.009998798 35 0.01000977 
Far_T8_MidC 2.990002 35 0.01000977 
Far_T9_MidC 5.99 35 0.01000977 
Far_T10_MidC 8.990002 35 0.01000977 
Far_T11_MidC 11.99 35 0.01000977 
Far_T12_MidC 14.99 35 0.01000977 
Far_T13_MidC 17.99 35 0.01000977 
Far_T14_MidC 20.99 35 0.01000977 
5,7,8 -6 -10 0 
4,7,8 -9 -10 0 
3,7,8 -12 -10 0 
2,7,8 -15 -10 0 
1,7,8 -18 -10 0 
0,7,8 -21 -10 0 
5,6,8 -6 -7 0 
4,6,8 -9 -7 0 
3,6,8 -12 -7 0 
2,6,8 -15 -7 0 
1,6,8 -18 -7 0 
0,6,8 -21 -7 0 
5,5,8 -6 -4 0 
4,5,8 -9 -4 0 
3,5,8 -12 -4 0 
2,5,8 -15 -4 0 
1,5,8 -18 -4 0 
0,5,8 -21 -4 0 
5,4,8 -6 -1 0 
4,4,8 -9 -1 0 
3,4,8 -12 -1 0 
2,4,8 -15 -1 0 
1,4,8 -18 -1 0 
0,4,8 -21 -1 0 
6,7,8 -3 -10 0 
6,6,8 -3 -7 0 
6,5,8 -3 -4 0 
6,4,8 -3 -1 0 
7,7,8 0 -10 0 
7,6,8 0 -7 0 
7,5,8 0 -4 0 
7,4,8 0 -1 0 
8,7,8 3 -10 0 
8,6,8 3 -7 0 
8,5,8 3 -4 0 
8,4,8 3 -1 0 
14,7,8 21 -10 0 
13,7,8 18 -10 0 
12,7,8 15 -10 0 
11,7,8 12 -10 0 
10,7,8 9 -10 0 
9,7,8 6 -10 0 
14,6,8 21 -7 0 
13,6,8 18 -7 0 
12,6,8 15 -7 0 
11,6,8 12 -7 0 
10,6,8 9 -7 0 
9,6,8 6 -7 0 
14,5,8 21 -4 0 
13,5,8 18 -4 0 
12,5,8 15 -4 0 
11,5,8 12 -4 0 
10,5,8 9 -4 0 
9,5,8 6 -4 0 
14,4,8 21 -1 0 
13,4,8 18 -1 0 
12,4,8 15 -1 0 
11,4,8 12 -1 0 
10,4,8 9 -1 0 
9,4,8 6 -1 0 
