5,3,2 -6 2 0 
4,3,2 -9 2 0 
3,3,2 -12 2 0 
2,3,2 -15 2 0 
1,3,2 -18 2 0 
0,3,2 -21 2 0 
5,2,2 -6 5 0 
4,2,2 -9 5 0 
3,2,2 -12 5 0 
2,2,2 -15 5 0 
1,2,2 -18 5 0 
0,2,2 -21 5 0 
5,1,2 -6 8 0 
4,1,2 -9 8 0 
3,1,2 -12 8 0 
2,1,2 -15 8 0 
1,1,2 -18 8 0 
0,1,2 -21 8 0 
5,0,2 -6 11 0 
4,0,2 -9 11 0 
3,0,2 -12 11 0 
2,0,2 -15 11 0 
1,0,2 -18 11 0 
0,0,2 -21 11 0 
Far_T0_MidF -21.01 35 0.01000977 
Far_T1_MidF -18.01 35 0.01000977 
Far_T2_MidF -15.01 35 0.01000977 
Far_T3_MidF -12.01 35 0.01000977 
Far_T4_MidF -9.009998 35 0.01000977 
Far_T5_MidF -6.01 35 0.01000977 
Near_L3_MidF -27 2 0.01000977 
Near_L2_MidF -27 5 0.01000977 
Near_L1_MidF -27 8 0.01000977 
Near_L0_MidF -27 11 0.01000977 
Near_T0_MidF -21.01 20 0.01000977 
Near_T1_MidF -18.01 20 0.01000977 
Near_T2_MidF -15.01 20 0.01000977 
Near_T3_MidF -12.01 20 0.01000977 
Near_T4_MidF -9.009998 20 0.01000977 
Near_T5_MidF -6.01 20 0.01000977 
Near_R0_MidF 27 11 0.01000977 
Near_R1_MidF 27 8 0.01000977 
Near_R2_MidF 27 5 0.01000977 
Near_R3_MidF 27 2 0.01000977 
6,3,2 -3 2 0 
6,2,2 -3 5 0 
6,1,2 -3 8 0 
6,0,2 -3 11 0 
7,3,2 0 2 0 
7,2,2 0 5 0 
7,1,2 0 8 0 
7,0,2 0 11 0 
8,3,2 3 2 0 
8,2,2 3 5 0 
8,1,2 3 8 0 
8,0,2 3 11 0 
14,3,2 21 2 0 
13,3,2 18 2 0 
12,3,2 15 2 0 
11,3,2 12 2 0 
10,3,2 9 2 0 
9,3,2 6 2 0 
14,2,2 21 5 0 
13,2,2 18 5 0 
12,2,2 15 5 0 
11,2,2 12 5 0 
10,2,2 9 5 0 
9,2,2 6 5 0 
14,1,2 21 8 0 
13,1,2 18 8 0 
12,1,2 15 8 0 
11,1,2 12 8 0 
10,1,2 9 8 0 
9,1,2 6 8 0 
14,0,2 21 11 0 
13,0,2 18 11 0 
12,0,2 15 11 0 
11,0,2 12 11 0 
10,0,2 9 11 0 
9,0,2 6 11 0 
Near_L7_MidF -27 -10 0.01000977 
Near_L6_MidF -27 -7 0.01000977 
Near_L5_MidF -27 -4 0.01000977 
Near_L4_MidF -27 -1 0.01000977 
Near_R4_MidF 27 -1 0.01000977 
Near_R5_MidF 27 -4 0.01000977 
Near_R6_MidF 27 -7 0.01000977 
Near_R7_MidF 27 -10 0.01000977 
Near_T6_MidF -3.009998 20 0.01000977 
Near_T7_MidF -0.009998322 20 0.01000977 
Near_T8_MidF 2.990002 20 0.01000977 
Near_T9_MidF 5.990001 20 0.01000977 
Near_T10_MidF 8.990002 20 0.01000977 
Near_T11_MidF 11.99 20 0.01000977 
Near_T12_MidF 14.99 20 0.01000977 
Near_T13_MidF 17.99 20 0.01000977 
Near_T14_MidF 20.99 20 0.01000977 
Far_T6_MidF -3.009999 35 0.01000977 
Far_T7_MidF -0.009998798 35 0.01000977 
Far_T8_MidF 2.990002 35 0.01000977 
Far_T9_MidF 5.99 35 0.01000977 
Far_T10_MidF 8.990002 35 0.01000977 
Far_T11_MidF 11.99 35 0.01000977 
Far_T12_MidF 14.99 35 0.01000977 
Far_T13_MidF 17.99 35 0.01000977 
Far_T14_MidF 20.99 35 0.01000977 
5,7,2 -6 -10 0 
4,7,2 -9 -10 0 
3,7,2 -12 -10 0 
2,7,2 -15 -10 0 
1,7,2 -18 -10 0 
0,7,2 -21 -10 0 
5,6,2 -6 -7 0 
4,6,2 -9 -7 0 
3,6,2 -12 -7 0 
2,6,2 -15 -7 0 
1,6,2 -18 -7 0 
0,6,2 -21 -7 0 
5,5,2 -6 -4 0 
4,5,2 -9 -4 0 
3,5,2 -12 -4 0 
2,5,2 -15 -4 0 
1,5,2 -18 -4 0 
0,5,2 -21 -4 0 
5,4,2 -6 -1 0 
4,4,2 -9 -1 0 
3,4,2 -12 -1 0 
2,4,2 -15 -1 0 
1,4,2 -18 -1 0 
0,4,2 -21 -1 0 
6,7,2 -3 -10 0 
6,6,2 -3 -7 0 
6,5,2 -3 -4 0 
6,4,2 -3 -1 0 
7,7,2 0 -10 0 
7,6,2 0 -7 0 
7,5,2 0 -4 0 
7,4,2 0 -1 0 
8,7,2 3 -10 0 
8,6,2 3 -7 0 
8,5,2 3 -4 0 
8,4,2 3 -1 0 
14,7,2 21 -10 0 
13,7,2 18 -10 0 
12,7,2 15 -10 0 
11,7,2 12 -10 0 
10,7,2 9 -10 0 
9,7,2 6 -10 0 
14,6,2 21 -7 0 
13,6,2 18 -7 0 
12,6,2 15 -7 0 
11,6,2 12 -7 0 
10,6,2 9 -7 0 
9,6,2 6 -7 0 
14,5,2 21 -4 0 
13,5,2 18 -4 0 
12,5,2 15 -4 0 
11,5,2 12 -4 0 
10,5,2 9 -4 0 
9,5,2 6 -4 0 
14,4,2 21 -1 0 
13,4,2 18 -1 0 
12,4,2 15 -1 0 
11,4,2 12 -1 0 
10,4,2 9 -1 0 
9,4,2 6 -1 0 
