0000.000 0200.000 0000.000 0025.000 0000.000 0030.000
0000.000 0100.000 0200.000 0040.000 0000.000 0350.000
0000.000 0023.000 0300.000 0325.000 0012.000 0350.000
0016.800 0012.400 0400.000 0010.000 0005.000 0350.000
0024.700 0004.100 0500.500 0000.000 0005.000 0350.000
0043.900 0004.100 0601.100 0000.000 0010.000 0020.000
0055.200 0004.100 0700.000 0000.000 0010.000 0020.000
0072.200 0004.100 0797.000 0000.000 0015.000 0340.000
0088.200 0004.100 0900.000 0000.000 0010.000 0340.000
0096.600 0000.545 1000.000 0000.000 0010.000 0020.000
0105.700 0025.410 1100.000 0340.000 0030.000 0350.000
0134.700 0058.700 1200.000 0325.000 0045.000 0325.000
0160.300 0084.750 1292.800 0025.000 0060.000 0315.000
0193.000 0070.400 1327.400 0045.000 0090.000 0335.000
0237.300 0042.900 1335.100 0010.000 0100.000 0345.000
0275.700 0021.135 1336.900 0000.000 0100.000 0350.000
0307.000 0018.800 1336.600 0000.000 0100.000 0350.000
0361.500 0012.500 1326.700 0000.000 0110.000 0010.000
0460.000 0003.190 1305.300 0000.000 0115.000 0010.000
0560.000 0004.470 1271.300 0000.000 0115.121 0030.000
0660.000 0017.230 1236.500 0000.000 0116.273 0030.000
0760.000 0004.800 1195.900 0000.000 0112.841 0350.000
0860.000 0003.600 1162.500 0000.000 0112.105 0340.000
0960.000 0002.800 1125.200 0001.059 0111.831 0350.000
1060.000 0004.800 1087.300 0001.083 0096.868 0010.000
1160.000 0008.000 1064.800 0356.149 0056.844 0020.000
1260.000 0022.870 1063.000 0356.361 0025.000 0030.000
1323.400 0033.400 1101.100 0358.832 0025.000 0040.000
1363.100 0039.200 1142.200 0358.640 0020.000 0030.000
1386.600 0036.400 1170.300 0357.311 0015.000 0030.000
1407.500 0032.600 1200.700 0000.181 0015.000 0020.000
1428.600 0022.870 1239.300 0000.000 0000.000 0010.000
1444.300 0002.970 1297.000 0359.928 0016.049 0350.000
1459.400 0005.800 1356.000 0345.000 0014.603 0340.000
1472.600 0014.200 1425.600 0340.000 0012.254 0330.000
1493.200 0030.400 1498.000 0020.000 0010.000 0350.000
1509.900 0014.500 1598.000 0010.000 0015.000 0010.000
1534.900 0014.500 1697.800 0000.000 0010.000 0010.000
1550.900 0014.500 1798.000 0000.000 0002.681 0350.000
1553.500 0014.500 1898.000 0000.000 0003.633 0350.000
1554.300 0014.500 1998.000 0000.000 0000.000 0350.000
1559.500 0014.500 2098.000 0000.000 0000.000 0010.000
1559.800 0014.500 2198.000 0000.000 0000.000 0020.000
1562.920 0014.500 2297.699 0005.006 0000.000 0010.000
1562.720 0009.720 2369.348 0000.483 0001.039 0000.077
1561.264 0015.708 2416.659 0079.552 0016.330 0013.090
1562.400 -0032.100 2425.370 0079.552 0016.330 0013.090
1562.400 -0121.500 2425.370 0079.552 0016.330 0013.090
1562.400 -0234.400 2425.370 0079.552 0016.330 0013.090
1561.547 -0362.658 2425.200 0001.506 0003.540 0001.986
1563.400 -0370.600 2508.341 0000.000 0330.541 0025.000
1543.400 -0370.467 2625.914 0000.428 0266.373 0031.717
1418.689 -0370.783 2625.516 0006.407 0265.276 0015.716
1299.725 -0371.001 2624.217 0334.053 0279.598 0338.871
1209.374 -0350.535 2623.414 0031.930 0263.081 0336.141
1104.194 -0370.703 2625.661 0355.433 0270.000 0025.214
0999.762 -0380.848 2623.971 0340.613 0274.274 0326.224
0903.904 -0354.330 2624.643 0017.686 0270.000 0358.075
0800.098 -0370.960 2624.810 0353.785 0270.000 0000.000
0646.057 -0368.877 2624.564 0297.329 0090.567 0177.189
0644.000 -0304.997 2626.000 0277.751 0128.021 0147.411
0644.000 -0200.050 2626.000 0277.751 0128.021 0147.411
0644.000 -0099.100 2626.000 0277.751 0128.021 0147.411
0636.600 -0001.123 2625.000 0339.703 0264.918 0006.944
0548.811 0023.394 2624.853 0013.611 0273.307 0002.541
0420.717 0023.759 2625.894 0013.855 0220.543 0035.582
0365.298 -0008.323 2615.263 0024.558 0197.870 0013.505
0353.200 -0079.400 2562.400 0340.021 0177.670 0004.828
0352.536 -0070.800 2483.100 0340.021 0177.670 0004.828
0334.200 -0068.700 2375.300 0342.890 0169.274 0030.813
0320.165 -0077.709 2246.878 0345.068 0180.000 0011.558
0319.525 -0073.290 2155.323 0005.786 0190.162 0033.084
0317.190 -0066.390 2076.400 0344.984 0138.901 0049.438
0388.546 -0063.603 2013.312 0354.769 0200.637 0328.638
0388.048 -0070.800 1915.409 0333.349 0228.688 0319.762
0365.779 -0037.900 1817.436 0333.349 0305.065 0319.762
0305.962 0019.566 1818.777 0344.411 0276.041 0009.275
0204.259 0007.156 1818.777 0346.127 0275.993 0009.462
0101.131 0021.100 1818.777 0024.333 0270.000 0013.545
0025.700 0011.840 1814.400 0327.165 0270.000 0007.135
-0104.000 0019.566 1818.777 0344.411 0270.000 0009.275
-0202.100 0019.566 1818.777 0344.411 0270.000 0009.275
-0304.600 0019.566 1821.700 0344.411 0270.000 0009.275
-0398.162 0036.601 1821.885 0338.947 0000.000 0319.465
-0396.775 0070.600 1911.700 0328.375 0000.000 0010.777
-0396.775 0097.780 1983.900 0328.375 0000.000 0010.777
-0396.775 0124.000 2058.000 0328.375 0000.000 0010.777
-0396.775 0152.100 2144.800 0328.375 0000.000 0010.777
-0396.775 0186.073 2238.216 0328.375 0000.000 0010.777
-0402.900 0214.994 2330.865 0037.537 0000.000 0356.915
-0403.100 0233.500 2395.040 0079.507 0250.576 0254.885
-0403.100 0150.600 2391.500 0079.767 0284.809 0289.652
-0403.100 0013.028 2392.600 0333.151 0000.000 0009.633
-0402.600 0012.930 2484.360 0350.363 0000.000 0006.310
-0396.775 0012.930 2589.200 0350.363 0000.000 0006.310
-0404.100 0012.930 2689.000 0350.363 0000.000 0006.310
-0396.775 0012.930 2782.900 0350.363 0000.000 0006.310
-0405.000 0013.008 2886.865 0326.251 0000.000 0011.303
-0401.300 0014.053 2989.349 0284.333 0324.586 0033.094
-0396.775 0104.300 3026.400 0326.251 0348.079 0011.303
-0402.600 0214.181 3107.088 0018.330 0349.576 0001.303
-0403.105 0193.089 3214.369 0352.360 0350.021 0346.380
-0403.596 0193.277 3305.140 0006.730 0022.556 0336.664
-0403.193 0193.343 3405.789 0352.801 0092.256 0324.669
-0291.019 0203.837 3405.247 0354.550 0095.899 0349.391
-0094.033 0193.159 3404.436 0352.801 0092.256 0021.298
0000.979 0193.109 3404.596 0352.801 0092.256 0014.588
0101.000 0193.069 3404.990 0352.801 0092.256 0358.804
0200.000 0193.069 3404.990 0352.801 0092.256 0358.804
0301.783 0194.493 3404.990 0068.856 0096.216 0004.887
0301.995 0107.338 3404.990 0047.922 0093.341 0001.568
0407.000 0005.262 3404.990 0345.388 0092.313 0358.503
0507.100 0005.262 3404.990 0345.388 0092.313 0358.503
0605.084 0005.709 3404.990 0030.279 0092.592 0000.394
0706.413 0006.722 3404.990 0071.731 0097.157 0005.886
0708.079 -0091.900 3406.530 0071.731 0187.216 0005.886
0709.619 -0202.800 3404.969 0071.731 0273.398 0005.886
0708.080 -0304.800 3403.257 0071.731 0004.415 0005.886
0708.080 -0366.040 3404.878 0347.017 0001.419 0001.375
0708.080 -0366.029 3508.064 0352.032 0001.396 0001.500
0708.080 -0366.029 3608.300 0352.032 0001.396 0001.500
0708.080 -0366.029 3706.900 0352.032 0001.396 0001.500
0708.080 -0366.029 3806.600 0352.032 0001.396 0001.500
0708.428 -0365.532 3902.119 0006.377 0270.000 0038.955
0607.000 -0366.056 3908.652 0352.105 0270.000 0017.842
0503.311 -0369.820 3909.300 0016.961 0270.000 0000.000
0403.016 -0385.197 3908.398 0324.702 0270.000 0000.662
0302.700 -0371.810 3907.200 0351.711 0270.000 0000.000
0201.187 -0366.120 3905.986 0007.573 0270.000 0032.151
0101.000 -0385.334 3909.162 0352.080 0270.000 0342.736
-0000.930 -0377.038 3909.305 0349.588 0270.000 0332.325
-0109.200 -0366.005 3908.636 0347.984 0270.000 0025.244
-0207.100 -0366.126 3908.000 0351.711 0280.655 0000.000
-0309.000 -0366.126 3901.121 0351.712 0280.655 0003.200
-0408.320 -0365.780 3901.098 0018.388 0282.946 0008.870
-0484.500 -0397.684 3934.800 0341.518 0281.123 0001.187
-0596.597 -0366.400 3963.835 0322.949 0250.069 0028.144
-0661.572 -0338.151 3942.564 0351.170 0218.002 0021.123
-0731.400 -0322.048 3894.700 0347.498 0274.315 0353.261
-0787.400 -0322.048 3906.300 0347.498 0305.906 0353.261
-0832.310 -0330.800 3944.600 0014.227 0305.580 0035.999
-0901.212 -0352.397 3951.506 0342.712 0235.485 0004.987
-0957.950 -0343.600 3910.400 0349.601 0278.199 0333.877
-1013.900 -0322.048 3900.919 0347.498 0274.315 0353.261
-1112.853 -0321.832 3900.369 0349.674 0293.987 0331.459
-1183.842 -0321.895 3927.167 0006.045 0222.698 0020.590
-1270.304 -0321.878 3904.035 0344.982 0222.758 0027.848
-1332.838 -0322.084 3862.924 0349.878 0191.563 0019.718
-1399.959 -0336.486 3762.535 0349.359 0174.254 0029.434
-1408.380 -0335.022 3656.000 0287.768 0006.189 0183.800
-1406.000 -0222.040 3656.000 0287.768 0006.189 0183.800
-1406.000 -0123.300 3656.000 0287.768 0006.189 0183.800
-1406.000 -0013.500 3656.000 0287.768 0006.189 0183.800
-1406.000 0102.000 3656.000 0287.768 0006.189 0183.800
-1406.000 0201.900 3656.000 0287.768 0006.189 0183.800
-1406.000 0306.000 3656.000 0287.768 0006.189 0183.800
-1406.000 0306.000 3656.000 0287.768 0006.189 0183.800
-1406.000 0401.200 3656.000 0287.768 0006.189 0183.800
-1406.000 0501.010 3656.121 0280.081 0169.166 0020.367
-1414.200 0556.025 3604.387 0047.964 0177.184 0007.604
-1414.200 0501.383 3560.162 0087.917 0115.158 0304.869
-1414.200 0405.300 3560.162 0087.917 0115.158 0304.869
-1414.200 0299.900 3560.162 0087.917 0115.158 0304.869
-1414.200 0205.100 3560.162 0087.917 0115.158 0304.869
-1414.200 0104.600 3560.162 0087.917 0115.158 0304.869
-1414.200 0009.981 3559.270 0000.021 0178.115 0009.696
-1414.216 0010.119 3446.000 0010.373 0178.865 0010.452
-1414.216 0010.119 3333.800 0010.373 0178.865 0010.452
-1414.216 0010.119 3210.600 0010.373 0178.865 0010.452
-1413.314 0009.983 3092.100 0004.383 0226.257 0004.060
-1515.090 0009.949 3056.755 0359.615 0218.601 0010.051
-1607.647 0009.833 3024.886 0325.415 0155.460 0001.552
-1635.000 0013.900 2933.100 0325.415 0130.435 0001.552
-1566.757 0036.300 2897.791 0325.415 0114.426 0001.552
-1495.600 0056.600 2854.100 0325.415 0114.426 0001.552
-1421.582 0073.295 2807.591 0326.150 0115.801 0005.101
-1349.110 0093.400 2752.440 0326.150 0115.801 0005.101
-1278.700 0124.300 2716.500 0326.150 0115.801 0005.101
-1211.977 0124.131 2668.200 0343.025 0239.328 0352.907
-1287.100 0124.131 2634.200 0343.025 0239.328 0352.907
-1348.200 0124.131 2598.400 0343.025 0239.328 0352.907
-1407.600 0124.204 2571.237 0349.051 0165.102 0023.847
-1406.888 0123.889 2474.300 0353.934 0166.367 0000.302
-1406.888 0123.889 2365.600 0353.934 0166.367 0000.302
-1406.888 0123.889 2266.800 0353.934 0166.367 0000.302
1567.800 0115.700 2415.110 0079.552 0016.330 0013.090
1567.800 0115.700 2425.270 0079.552 0016.330 0013.090
