0.000 20.000 0.000 25.00 -180 30.00
0.000 10.000 -20.000 40.00 -180 -10.00
0.000 2.300 -30.000 -35.00 -168 -10.00
1.680 1.240 -40.000 10.00 -175 -10.00
2.470 0.410 -50.050 0.00 -175 -10.00
4.390 0.410 -60.110 0.00 -170 20.00
5.520 0.410 -70.000 0.00 -170 20.00
7.220 0.410 -79.700 0.00 -165 -20.00
8.820 0.410 -90.000 0.00 -170 -20.00
9.660 0.055 -100.000 0.00 -170 20.00
10.570 2.541 -110.000 -20.00 -150 -10.00
13.470 5.870 -120.000 -35.00 -135 -35.00
16.575 8.639 -129.280 25.00 -120 -45.00
19.300 7.040 -132.740 45.00 -90 -25.00
23.730 4.290 -133.510 10.00 -80 -15.00
27.570 2.114 -133.690 0.00 -80 -10.00
30.700 1.880 -133.660 0.00 -80 -10.00
36.150 1.250 -132.670 0.00 -70 10.00
46.000 0.319 -130.530 0.00 -65 10.00
56.000 0.447 -127.130 0.00 -64.88 30.00
66.000 1.723 -123.650 0.00 -63.73 30.00
76.000 0.480 -119.590 0.00 -67.16 -10.00
86.000 0.360 -116.250 0.00 -67.89 -20.00
96.000 0.280 -112.520 1.06 -68.17 -10.00
106.000 0.480 -108.730 1.08 -83.13 10.00
116.000 0.800 -106.480 -3.85 -123.16 20.00
126.000 2.287 -106.300 -3.64 -155 30.00
132.340 3.340 -110.110 -1.17 -155 40.00
136.310 3.920 -114.220 -1.36 -160 30.00
138.660 3.640 -117.030 -2.69 -165 30.00
140.750 3.260 -120.070 0.18 -165 20.00
142.860 2.287 -123.930 0.00 -180 10.00
144.430 0.297 -129.700 -0.07 -163.95 -10.00
145.940 0.580 -135.600 -15.00 -165.4 -20.00
147.260 1.420 -142.560 -20.00 -167.75 -30.00
149.320 3.040 -149.800 20.00 -170 -10.00
150.990 1.450 -159.800 10.00 -165 10.00
153.490 1.450 -169.780 0.00 -170 10.00
155.090 1.450 -179.800 0.00 -177.32 -10.00
155.350 1.450 -189.800 0.00 -176.37 -10.00
155.430 1.450 -199.800 0.00 -180 -10.00
155.950 1.450 -209.800 0.00 -180 10.00
155.980 1.450 -219.800 0.00 -180 20.00
156.970 1.450 -229.800 -0.47 -222.13 25.00
154.870 1.450 -235.790 -5.30 -250.88 30.00
150.570 1.450 -241.690 2.25 -266.94 20.24
145.480 1.450 -244.810 -3.79 -269.68 12.58
140.020 1.450 -245.640 -0.20 -267.54 0.30
134.100 1.450 -245.870 0.00 -275.48 0.00
124.100 1.450 -244.590 0.00 -278.83 0.00
114.100 1.450 -242.720 0.00 -283.02 0.00
104.100 1.450 -240.240 -0.01 -282.71 -0.01
94.100 1.450 -238.400 0.00 -284.29 0.00
84.100 1.450 -235.810 0.00 -282.03 0.00
74.100 1.450 -233.480 0.00 -281.66 0.00
64.100 1.450 -231.210 0.00 -281.39 0.00
54.080 1.450 -229.310 0.00 -273.79 0.00
44.356 1.450 -224.268 0.00 -267.79 0.00
34.100 1.450 -228.770 0.00 -263.62 0.00
24.100 1.450 -229.890 0.00 -259.18 0.00
14.100 1.450 -232.020 0.00 -245.99 0.00
4.100 1.450 -237.290 0.00 -238.87 0.00
-5.900 1.450 -243.450 0.00 -240.05 0.00
-15.900 1.450 -249.000 0.00 -253.66 0.00
-25.900 1.450 -251.930 0.00 -251.13 0.00
-35.900 1.450 -255.400 0.00 -250.38 0.00
-45.900 1.450 -259.060 0.00 -250.07 0.00
-55.900 1.450 -262.690 0.00 -248.22 0.00
-66.022 1.450 -268.036 0.00 -244.88 0.00
-75.900 1.450 -270.940 0.00 -238.79 0.00
-85.900 1.450 -277.350 0.00 -236.73 0.00
-95.900 1.450 -284.250 1.99 -228.86 -0.16
-106.430 1.740 -290.950 -12.49 -203.61 -24.10
-109.350 3.010 -294.240 0.15 -151.64 -23.01
-110.820 3.830 -299.410 12.31 -145.71 -21.94
-111.700 3.160 -305.940 0.00 -183.03 0.00
-111.900 0.950 -312.670 0.00 -184.67 0.00
-111.860 0.000 -318.840 0.00 -183.16 0.00
-112.190 0.000 -328.660 0.00 -177.5 0.00
-111.720 1.640 -339.110 5.59 -148.43 -18.33
-109.010 3.300 -346.950 -6.32 -114.37 -26.21
-106.640 4.240 -350.310 -12.51 -87.11 -29.03
-104.110 4.740 -352.040 1.97 -76.76 -24.67
-100.850 5.200 -353.560 0.29 -82.1 -28.18
-97.670 5.540 -354.850 -2.75 -72.57 -23.84
-93.540 5.490 -356.070 -2.87 -71.48 -25.05
-90.650 5.120 -356.060 0.31 -71.42 -12.24
-88.390 4.870 -355.300 -0.27 -56.06 -5.63
-86.220 4.360 -354.300 0.00 -56.39 0.00
-82.474 3.110 -352.121 3.28 -71.79 21.48
-77.300 1.770 -350.320 0.00 -83.97 0.00
-70.700 1.960 -349.980 0.00 -87.86 0.00
-60.700 1.960 -349.980 0.00 -88.46 0.00
-50.700 3.160 -349.980 0.00 -88.39 0.00
-40.700 5.310 -349.980 0.00 -86.82 0.00
-30.700 5.310 -349.160 0.00 -84.27 0.00
-20.700 5.310 -348.200 0.00 -86.29 0.00
-10.700 5.310 -347.640 0.00 -90.36 0.00
-0.700 5.310 -347.530 0.00 -91.98 4.08
9.300 5.310 -348.240 0.00 -97.22 10.54
19.300 5.310 -349.880 0.90 -120.4 13.86
29.300 5.180 -354.220 -0.67 -176.89 27.51
34.460 4.659 -359.288 0.86 -193.91 31.97
36.455 4.455 -364.021 4.30 -217.59 42.82
36.760 4.380 -368.520 9.06 -223.62 23.92
36.280 4.230 -374.780 -10.65 -210.59 26.38
34.270 4.230 -380.530 1.02 -222.3 10.88
31.040 4.260 -384.880 0.00 -222.22 0.00
24.870 4.230 -391.600 0.00 -227.18 0.00
14.910 4.230 -400.280 0.00 -242.01 0.00
4.910 4.230 -406.290 0.00 -242 0.00
-5.280 4.230 -411.540 0.00 -245.31 0.00
-16.737 4.318 -416.969 -9.83 -226.25 -23.42
-26.100 4.230 -422.920 2.64 -186.7 -30.77
-34.870 4.230 -431.080 -1.04 -160.77 -24.36
-39.920 4.230 -438.040 3.47 -136.87 -38.36
-39.580 4.280 -443.540 8.24 -122 -37.04
-37.100 4.230 -449.070 0.00 -152.35 0.00
-32.000 4.230 -457.790 0.00 -143.71 0.00
-23.990 12.640 -467.880 0.00 -143.47 0.00
-16.000 12.400 -479.220 0.00 -142.92 0.00
-8.170 12.400 -489.720 0.00 -141.74 0.00
-2.800 12.400 -496.510 0.00 -144 0.00
3.260 12.400 -504.100 0.00 -135.43 0.00
7.610 12.400 -508.780 0.00 -140.92 0.00
12.500 12.400 -514.520 0.00 -137.48 0.00
18.740 12.400 -520.230 0.00 -140.34 0.00
