0.000 202.000 0.000 180.000 0.000 180.000
0.000 102.000 200.000 180.000 0.000 180.000
0.000 25.000 300.000 180.000 -12.000 180.000
-16.800 14.400 400.000 180.000 -5.000 180.000
-24.700 6.100 500.500 180.000 -5.000 180.000
-43.900 6.100 601.100 180.000 -10.000 180.000
-55.200 6.100 700.000 180.000 -10.000 180.000
-72.200 6.100 797.000 180.000 -15.000 180.000
-88.200 6.100 900.000 180.000 -10.000 180.000
-96.600 2.545 1000.000 180.000 0.000 180.000
-105.700 27.410 1100.000 180.000 30.000 180.000
-134.700 60.700 1200.000 180.000 45.000 180.000
-160.300 86.750 1292.800 180.000 60.000 180.000
-193.000 72.400 1327.400 180.000 90.000 180.000
-237.300 44.900 1335.100 0.000 85.000 0.000
-275.700 23.135 1336.900 0.000 80.000 0.000
-307.000 20.800 1336.600 0.000 75.000 0.000
-361.500 14.500 1326.700 0.000 70.000 0.000
-460.000 5.190 1305.300 0.000 50.000 0.000
-560.000 6.470 1271.300 0.000 50.000 0.000
-660.000 19.230 1236.500 0.000 50.000 0.000
-760.000 6.800 1195.900 0.000 50.000 0.000
-860.000 5.600 1162.500 0.000 50.000 0.000
-960.000 4.800 1125.200 0.000 50.000 0.000
-1060.000 6.800 1087.300 180.000 83.130 180.000
-1160.000 10.000 1064.800 180.000 56.840 180.000
-1260.000 24.870 1063.000 180.000 25.000 180.000
-1323.400 35.400 1101.100 180.000 25.000 180.000
-1363.100 41.200 1142.200 180.000 20.000 180.000
-1386.600 38.400 1170.300 180.000 15.000 180.000
-1407.500 34.600 1200.700 180.000 15.000 180.000
-1428.600 24.870 1239.300 180.000 0.000 180.000
-1444.300 4.970 1297.000 180.000 -16.050 180.000
-1459.400 7.800 1356.000 180.000 -14.600 180.000
-1472.600 16.200 1425.600 180.000 -12.250 180.000
-1493.200 32.400 1498.000 180.000 -10.000 180.000
-1509.900 16.500 1598.000 180.000 -15.000 180.000
-1534.900 16.500 1697.800 180.000 -10.000 180.000
-1550.900 16.500 1798.000 180.000 -2.680 180.000
-1553.500 16.500 1898.000 180.000 -3.630 180.000
-1554.300 16.500 1998.000 180.000 0.000 180.000
-1559.500 16.500 2098.000 180.000 0.000 180.000
-1559.800 16.500 2198.000 180.000 0.000 180.000
-1562.920 16.500 2297.699 180.000 -42.130 180.000
-1562.720 11.720 2369.348 180.000 -70.880 180.000
-1561.264 17.708 2416.659 180.000 -86.940 180.000
-1562.400 -30.100 2425.370 0.000 -74.320 0.000
-1562.400 -119.500 2425.370 0.000 -74.460 0.000
-1562.400 -232.400 2425.370 0.000 -74.480 0.000
-1561.547 -360.658 2425.200 0.000 -74.830 0.000
-1563.400 -368.600 2508.341 0.000 -74.020 0.000
-1543.400 -368.467 2625.914 0.000 -74.710 0.000
-1418.689 -368.783 2625.516 0.000 -74.290 0.000
-1299.725 -369.001 2624.217 0.000 -74.030 0.000
-1209.374 -348.535 2623.414 180.000 -78.340 180.000
-1104.194 -368.703 2625.661 180.000 -78.610 180.000
-999.762 -378.848 2623.971 180.000 -86.210 180.000
-903.904 -352.330 2624.643 180.000 87.790 180.000
-800.098 -368.960 2624.810 180.000 83.620 180.000
-646.057 -366.877 2624.564 180.000 79.180 180.000
-644.000 -302.997 2626.000 180.000 65.990 180.000
-644.000 -198.050 2626.000 180.000 58.870 180.000
-644.000 -97.100 2626.000 180.000 60.050 180.000
-636.600 0.877 2625.000 180.000 73.660 180.000
-548.811 25.394 2624.853 180.000 71.130 180.000
-420.717 25.759 2625.894 180.000 70.380 180.000
-365.298 -6.323 2615.263 180.000 70.070 180.000
-353.200 -77.400 2562.400 180.000 68.220 180.000
-352.536 -68.800 2483.100 180.000 64.880 180.000
-334.200 -66.700 2375.300 180.000 58.790 180.000
-320.165 -75.709 2246.878 180.000 56.730 180.000
-319.525 -71.290 2155.323 180.000 48.860 180.000
-317.190 -64.390 2076.400 180.000 23.610 180.000
-388.546 -61.603 2013.312 180.000 -28.350 180.000
-388.048 -68.800 1915.409 180.000 -34.290 180.000
-365.779 -35.900 1817.436 180.000 3.030 180.000
-305.962 21.566 1818.777 180.000 4.670 180.000
-204.259 9.156 1818.777 180.000 3.160 180.000
-101.131 23.100 1818.777 180.000 -2.500 180.000
-25.700 13.840 1814.400 180.000 -31.570 180.000
104.000 21.566 1818.777 180.000 -65.630 180.000
202.100 21.566 1818.777 180.000 -87.110 180.000
304.600 21.566 1821.700 180.000 -76.760 180.000
398.162 38.601 1821.885 180.000 -82.100 180.000
396.775 72.600 1911.700 180.000 -72.570 180.000
396.775 99.780 1983.900 180.000 -71.480 180.000
396.775 126.000 2058.000 180.000 -71.420 180.000
396.775 154.100 2144.800 180.000 -56.060 180.000
396.775 188.073 2238.216 180.000 -56.390 180.000
402.900 216.994 2330.865 180.000 -71.800 180.000
403.100 235.500 2395.040 180.000 -83.970 180.000
403.100 152.600 2391.500 180.000 -87.860 180.000
403.100 15.028 2392.600 180.000 -88.460 180.000
402.600 14.930 2484.360 180.000 -88.390 180.000
396.775 14.930 2589.200 180.000 -86.820 180.000
404.100 14.930 2689.000 180.000 -84.270 180.000
396.775 14.930 2782.900 180.000 -86.290 180.000
405.000 15.008 2886.865 180.000 -89.640 180.000
401.300 16.053 2989.349 180.000 -88.020 180.000
396.775 106.300 3026.400 180.000 -82.780 180.000
402.600 216.181 3107.088 180.000 -59.600 180.000
403.105 195.089 3214.369 180.000 -3.110 180.000
403.596 195.277 3305.140 180.000 13.910 180.000
403.193 195.343 3405.789 180.000 37.590 180.000
291.019 205.837 3405.247 180.000 43.620 180.000
94.033 195.159 3404.436 180.000 30.590 180.000
-0.979 195.109 3404.596 180.000 42.300 180.000
-101.000 195.069 3404.990 180.000 42.220 180.000
-200.000 195.069 3404.990 180.000 47.180 180.000
-301.783 196.493 3404.990 180.000 62.010 180.000
-301.995 109.338 3404.990 180.000 62.000 180.000
-407.000 7.262 3404.990 180.000 65.310 180.000
-507.100 7.262 3404.990 180.000 46.250 180.000
-605.084 7.709 3404.990 180.000 6.690 180.000
-706.413 8.722 3404.990 180.000 -19.230 180.000
-708.079 -89.900 3406.530 180.000 -43.130 180.000
-709.619 -200.800 3404.969 180.000 -58.000 180.000
-708.080 -302.800 3403.257 180.000 -27.650 180.000
-708.080 -364.040 3404.878 180.000 -36.290 180.000
-708.080 -364.029 3508.064 180.000 -36.530 180.000
-708.080 -364.029 3608.300 180.000 -37.080 180.000
-708.080 -364.029 3706.900 180.000 -38.260 180.000
-708.080 -364.029 3806.600 180.000 -36.000 180.000
-708.428 -363.532 3902.119 180.000 -44.570 180.000
-607.000 -364.056 3908.652 180.000 -39.080 180.000
-503.311 -367.820 3909.300 180.000 -42.520 180.000
-403.016 -383.197 3908.398 180.000 -39.660 180.000
