0.000 20.000 0.000 155.000 0.000 -170.000 
0.000 10.000 -20.000 140.000 0.000 -170.000 
0.000 2.300 -30.000 145.000 -12.000 -170.000 
1.680 1.240 -40.000 170.000 -5.000 -170.000 
2.470 0.410 -50.050 180.000 -5.000 -170.000 
4.390 0.410 -60.110 180.000 -10.000 160.000 
5.520 0.410 -70.000 180.000 -10.000 160.000 
7.220 0.410 -79.700 180.000 -15.000 -160.000 
8.820 0.410 -90.000 180.000 -10.000 -160.000 
9.660 0.055 -100.000 180.000 0.000 160.000 
10.570 2.541 -110.000 190.000 30.000 -170.000 
13.470 5.870 -120.000 200.000 45.000 -145.000 
16.575 8.639 -129.280 200.000 60.000 -135.000 
19.300 7.040 -132.740 170.726 90.000 8.274 
23.730 4.290 -133.510 160.000 95.000 15.000 
27.570 2.114 -133.690 180.000 100.000 10.000 
30.700 1.880 -133.660 180.000 105.000 10.000 
36.150 1.250 -132.670 180.000 110.000 -10.000 
46.000 0.319 -130.530 180.000 130.000 -10.000 
56.000 0.447 -127.130 180.000 130 -30.000 
66.000 1.723 -123.650 180.000 130 -30.000 
76.000 0.480 -119.590 180.000 130 10.000 
86.000 0.360 -116.250 180.000 130 20.000 
96.000 0.280 -112.520 181.060 130 10.000 
106.000 0.480 -108.730 181.080 83.130 -10.000 
116.000 0.800 -106.480 184 56.840 160.000 
126.000 2.287 -106.300 184 25.000 150.000 
132.340 3.340 -110.110 182 25.000 140.000 
136.310 3.920 -114.220 182 20.000 150.000 
138.660 3.640 -117.030 182 15.000 150.000 
140.750 3.260 -120.070 181 15.000 160.000 
142.860 2.287 -123.930 180 0.000 170.000 
144.430 0.297 -129.700 179.930 -16.050 -170.000 
145.940 0.580 -135.600 165.000 -14.600 -160.000 
147.260 1.420 -142.560 160.000 -12.250 -150.000 
149.320 3.040 -149.800 160.000 -10.000 -170.000 
150.990 1.450 -159.800 170.000 -15.000 170.000 
153.490 1.450 -169.780 180.000 -10.000 170.000 
155.090 1.450 -179.800 180.000 -2.680 -170.000 
155.350 1.450 -189.800 180.000 -3.630 -170.000 
155.430 1.450 -199.800 180.000 0.000 -170.000 
155.950 1.450 -209.800 180.000 0.000 170.000 
155.980 1.450 -219.800 180.000 0.000 160.000 
156.970 1.450 -229.800 180.530 -42.130 155.000 
154.870 1.450 -235.790 180.700 -70.880 150.000 
150.570 1.450 -241.690 180.750 -86.940 159.760 
145.480 1.450 -244.810 180.210 -105.680 167.420 
140.020 1.450 -245.640 180.800 -105.540 179.700 
134.100 1.450 -245.870 180.000 -105.520 0.000 
124.100 1.450 -244.590 180.000 -105.170 0.000 
114.100 1.450 -242.720 180.000 -105.980 0.000 
104.100 1.450 -240.240 180.010 -105.290 0.010 
94.100 1.450 -238.400 180.000 -105.710 0.000 
84.100 1.450 -235.810 180.000 -105.970 0.000 
74.100 1.450 -233.480 180.000 -78.340 0.000 
64.100 1.450 -231.210 180.000 -78.610 0.000 
54.080 1.450 -229.310 180.000 -86.210 0.000 
44.356 1.450 -224.268 180.000 87.790 180.000 
34.100 1.450 -228.770 180.000 83.620 180.000 
24.100 1.450 -229.890 180.000 79.180 180.000 
14.100 1.450 -232.020 180.000 65.990 180.000 
4.100 1.450 -237.290 180.000 58.870 180.000 
-5.900 1.450 -243.450 180.000 60.050 180.000 
-15.900 1.450 -249.000 180.000 73.660 180.000 
-25.900 1.450 -251.930 180.000 71.130 180.000 
-35.900 1.450 -255.400 180.000 70.380 180.000 
-45.900 1.450 -259.060 180.000 70.070 180.000 
-55.900 1.450 -262.690 180.000 68.220 180.000 
-66.022 1.450 -268.036 180.000 64.880 180.000 
-75.900 1.450 -270.940 180.000 58.790 180.000 
-85.900 1.450 -277.350 180.000 56.730 180.000 
-95.900 1.450 -284.250 -178.010 48.860 -179.840 
-106.430 1.740 -290.950 167.510 23.610 -155.900 
-109.350 3.010 -294.240 -179.850 -28.350 -156.990 
-110.820 3.830 -299.410 -167.690 -34.290 -158.060 
-111.700 3.160 -305.940 180.000 3.030 180.000 
-111.900 0.950 -312.670 180.000 4.670 180.000 
-111.860 0.000 -318.840 180.000 3.160 180.000 
-112.190 0.000 -328.660 180.000 -2.500 180.000 
-111.720 1.640 -339.110 -174.410 -31.570 -161.670 
-109.010 3.300 -346.950 173.680 -65.630 -153.790 
-106.640 4.240 -350.310 -12.510 -87.110 29.030 
-104.110 4.740 -352.040 1.970 -76.760 24.670 
-100.850 5.200 -353.560 0.290 -82.100 28.180 
-97.670 5.540 -354.850 -2.750 -72.570 23.840 
-93.540 5.490 -356.070 -2.870 -71.480 25.050 
-90.650 5.120 -356.060 0.310 -71.420 12.240 
-88.390 4.870 -355.300 -0.270 -56.060 5.620 
-86.220 4.360 -354.300 0.000 -56.390 0.000 
-82.474 3.110 -352.121 3.280 -71.800 -21.480 
-77.300 1.770 -350.320 0.000 -83.970 0.000 
-70.700 1.960 -349.980 0.000 -87.860 0.000 
-60.700 1.960 -349.980 0.000 -88.460 0.000 
-50.700 3.160 -349.980 0.000 -88.390 0.000 
-40.700 5.310 -349.980 0.000 -86.820 0.000 
-30.700 5.310 -349.160 0.000 -84.270 0.000 
-20.700 5.310 -348.200 0.000 -86.290 0.000 
-10.700 5.310 -347.640 180.000 -89.640 180.000 
-0.700 5.310 -347.530 -180.000 -88.020 175.920 
9.300 5.310 -348.240 -180.000 -82.780 169.460 
19.300 5.310 -349.880 -179.100 -59.600 166.140 
29.300 5.180 -354.220 179.330 -3.110 152.490 
34.460 4.659 -359.288 -179.140 13.910 148.030 
36.455 4.455 -364.021 -175.700 37.590 137.180 
36.760 4.380 -368.520 -170.940 43.620 156.080 
36.280 4.230 -374.780 169.360 30.590 153.620 
34.270 4.230 -380.530 -178.980 42.300 169.120 
31.040 4.260 -384.880 180.000 42.220 180.000 
24.870 4.230 -391.600 180.000 47.180 180.000 
14.910 4.230 -400.280 180.000 62.010 180.000 
4.910 4.230 -406.290 180.000 62.000 180.000 
-5.280 4.230 -411.540 180.000 65.310 180.000 
-16.737 4.318 -416.969 170.170 46.250 -156.580 
-26.100 4.230 -422.920 -177.360 6.690 -149.230 
-34.870 4.230 -431.080 178.960 -19.230 -155.640 
-39.920 4.230 -438.040 -176.530 -43.130 -141.640 
-39.580 4.280 -443.540 -171.760 -58.000 -142.960 
-37.100 4.230 -449.070 180.000 -27.650 180.000 
-32.000 4.230 -457.790 180.000 -36.290 180.000 
-23.990 12.640 -467.880 180.000 -36.530 180.000 
-16.000 12.400 -479.220 180.000 -37.080 180.000 
-8.170 12.400 -489.720 180.000 -38.260 180.000 
-2.800 12.400 -496.510 180.000 -36.000 180.000 
3.260 12.400 -504.100 180.000 -44.570 180.000 
7.610 12.400 -508.780 180.000 -39.080 180.000 
12.500 12.400 -514.520 180.000 -42.520 180.000 
18.740 12.400 -520.230 180.000 -39.660 180.000 
