0.000 20.000 0.000 0.00 0.000 0.00
0.000 10.000 -20.000 0.00 0.000 0.00
0.000 2.300 -30.000 0.00 -12.000 0.00
1.680 1.240 -40.000 0.00 -5.000 0.00
2.470 0.410 -50.050 0.00 -5.000 0.00
4.390 0.410 -60.110 0.00 -10.000 0.00
5.520 0.410 -70.000 0.00 -10.000 0.00
7.220 0.410 -79.700 0.00 -15.000 0.00
8.820 0.410 -90.000 0.00 -10.000 0.00
9.660 0.055 -100.000 0.00 0.000 0.00
10.570 2.541 -110.000 0.00 30.000 0.00
13.470 5.870 -120.000 0.00 45.000 0.00
16.575 8.639 -129.280 0.00 60.000 0.00
19.300 7.040 -132.740 0.00 90.000 0.00
23.730 4.290 -133.510 0.00 95.000 0.00
27.570 2.114 -133.690 0.00 100.000 0.00
30.700 1.880 -133.660 0.00 105.000 0.00
36.150 1.250 -132.670 0.00 110.000 0.00
46.000 0.319 -130.530 0.00 130.000 0.00
56.000 0.447 -127.130 0.00 130 0.00
66.000 1.723 -123.650 0.00 130 0.00
76.000 0.480 -119.590 0.00 130 0.00
86.000 0.360 -116.250 0.00 130 0.00
96.000 0.280 -112.520 0.00 130 0.00
106.000 0.480 -108.730 0.00 83.130 0.00
116.000 0.800 -106.480 0.00 56.840 0.00
126.000 2.287 -106.300 0.00 25.000 0.00
132.340 3.340 -110.110 0.00 25.000 0.00
136.310 3.920 -114.220 0.00 20.000 0.00
138.660 3.640 -117.030 0.00 15.000 0.00
140.750 3.260 -120.070 0.00 15.000 0.00
142.860 2.287 -123.930 0.00 0.000 0.00
144.430 0.297 -129.700 0.00 -16.050 0.00
145.940 0.580 -135.600 0.00 -14.600 0.00
147.260 1.420 -142.560 0.00 -12.250 0.00
149.320 3.040 -149.800 0.00 -10.000 0.00
150.990 1.450 -159.800 0.00 -15.000 0.00
153.490 1.450 -169.780 0.00 -10.000 0.00
155.090 1.450 -179.800 0.00 -2.680 0.00
155.350 1.450 -189.800 0.00 -3.630 0.00
155.430 1.450 -199.800 0.00 0.000 0.00
155.950 1.450 -209.800 0.00 0.000 0.00
155.980 1.450 -219.800 0.00 0.000 0.00
156.970 1.450 -229.800 0.00 -42.130 0.00
154.870 1.450 -235.790 0.00 -70.880 0.00
150.570 1.450 -241.690 0.00 -86.940 0.00
145.480 1.450 -244.810 0.00 -105.680 0.00
140.020 1.450 -245.640 0.00 -105.540 0.00
134.100 1.450 -245.870 0.00 -105.520 0.00
124.100 1.450 -244.590 0.00 -105.170 0.00
114.100 1.450 -242.720 0.00 -105.980 0.00
104.100 1.450 -240.240 0.00 -105.290 0.00
94.100 1.450 -238.400 0.00 -105.710 0.00
84.100 1.450 -235.810 0.00 -105.970 0.00
74.100 1.450 -233.480 0.00 -78.340 0.00
64.100 1.450 -231.210 0.00 -78.610 0.00
54.080 1.450 -229.310 0.00 -86.210 0.00
44.356 1.450 -224.268 0.00 87.790 0.00
34.100 1.450 -228.770 0.00 83.620 0.00
24.100 1.450 -229.890 0.00 79.180 0.00
14.100 1.450 -232.020 0.00 65.990 0.00
4.100 1.450 -237.290 0.00 58.870 0.00
-5.900 1.450 -243.450 0.00 60.050 0.00
-15.900 1.450 -249.000 0.00 73.660 0.00
-25.900 1.450 -251.930 0.00 71.130 0.00
-35.900 1.450 -255.400 0.00 70.380 0.00
-45.900 1.450 -259.060 0.00 70.070 0.00
-55.900 1.450 -262.690 0.00 68.220 0.00
-66.022 1.450 -268.036 0.00 64.880 0.00
-75.900 1.450 -270.940 0.00 58.790 0.00
-85.900 1.450 -277.350 0.00 56.730 0.00
-95.900 1.450 -284.250 0.00 48.860 0.00
-106.430 1.740 -290.950 0.00 23.610 0.00
-109.350 3.010 -294.240 0.00 -28.350 0.00
-110.820 3.830 -299.410 0.00 -34.290 0.00
-111.700 3.160 -305.940 0.00 3.030 0.00
-111.900 0.950 -312.670 0.00 4.670 0.00
-111.860 0.000 -318.840 0.00 3.160 0.00
-112.190 0.000 -328.660 0.00 -2.500 0.00
-111.720 1.640 -339.110 0.00 -31.570 0.00
-109.010 3.300 -346.950 0.00 -65.630 0.00
-106.640 4.240 -350.310 0.00 -87.110 0.00
-104.110 4.740 -352.040 0.00 -76.760 0.00
-100.850 5.200 -353.560 0.00 -82.100 0.00
-97.670 5.540 -354.850 0.00 -72.570 0.00
-93.540 5.490 -356.070 0.00 -71.480 0.00
-90.650 5.120 -356.060 0.00 -71.420 0.00
-88.390 4.870 -355.300 0.00 -56.060 0.00
-86.220 4.360 -354.300 0.00 -56.390 0.00
-82.474 3.110 -352.121 0.00 -71.800 0.00
-77.300 1.770 -350.320 0.00 -83.970 0.00
-70.700 1.960 -349.980 0.00 -87.860 0.00
-60.700 1.960 -349.980 0.00 -88.460 0.00
-50.700 3.160 -349.980 0.00 -88.390 0.00
-40.700 5.310 -349.980 0.00 -86.820 0.00
-30.700 5.310 -349.160 0.00 -84.270 0.00
-20.700 5.310 -348.200 0.00 -86.290 0.00
-10.700 5.310 -347.640 0.00 -89.640 0.00
-0.700 5.310 -347.530 0.00 -88.020 0.00
9.300 5.310 -348.240 0.00 -82.780 0.00
19.300 5.310 -349.880 0.00 -59.600 0.00
29.300 5.180 -354.220 0.00 -3.110 0.00
34.460 4.659 -359.288 0.00 13.910 0.00
36.455 4.455 -364.021 0.00 37.590 0.00
36.760 4.380 -368.520 0.00 43.620 0.00
36.280 4.230 -374.780 0.00 30.590 0.00
34.270 4.230 -380.530 0.00 42.300 0.00
31.040 4.260 -384.880 0.00 42.220 0.00
24.870 4.230 -391.600 0.00 47.180 0.00
14.910 4.230 -400.280 0.00 62.010 0.00
4.910 4.230 -406.290 0.00 62.000 0.00
-5.280 4.230 -411.540 0.00 65.310 0.00
-16.737 4.318 -416.969 0.00 46.250 0.00
-26.100 4.230 -422.920 0.00 6.690 0.00
-34.870 4.230 -431.080 0.00 -19.230 0.00
-39.920 4.230 -438.040 0.00 -43.130 0.00
-39.580 4.280 -443.540 0.00 -58.000 0.00
-37.100 4.230 -449.070 0.00 -27.650 0.00
-32.000 4.230 -457.790 0.00 -36.290 0.00
-23.990 12.640 -467.880 0.00 -36.530 0.00
-16.000 12.400 -479.220 0.00 -37.080 0.00
-8.170 12.400 -489.720 0.00 -38.260 0.00
-2.800 12.400 -496.510 0.00 -36.000 0.00
3.260 12.400 -504.100 0.00 -44.570 0.00
7.610 12.400 -508.780 0.00 -39.080 0.00
12.500 12.400 -514.520 0.00 -42.520 0.00
18.740 12.400 -520.230 0.00 -39.660 0.00
