0000.000 0200.000 0000.000 0.00 0.000 0.00
0000.000 0100.000 0200.000 0.00 0.000 0.00
0000.000 0023.000 0300.000 0.00 -12.000 0.00
0016.800 0012.400 0400.000 0.00 -5.000 0.00
0024.700 0004.100 0500.500 0.00 -5.000 0.00
0043.900 0004.100 0601.100 0.00 -10.000 0.00
0055.200 0004.100 0700.000 0.00 -10.000 0.00
0072.200 0004.100 0797.000 0.00 -15.000 0.00
0088.200 0004.100 0900.000 0.00 -10.000 0.00
0096.600 0000.545 1000.000 0.00 0.000 0.00
0105.700 0025.410 1100.000 0.00 30.000 0.00
0134.700 0058.700 1200.000 0.00 45.000 0.00
0160.300 0084.750 1292.800 0.00 60.000 0.00
0193.000 0070.400 1327.400 0.00 90.000 0.00
0237.300 0042.900 1335.100 0.00 95.000 0.00
0275.700 0021.135 1336.900 0.00 100.000 0.00
0307.000 0018.800 1336.600 0.00 105.000 0.00
0361.500 0012.500 1326.700 0.00 110.000 0.00
0460.000 0003.190 1305.300 0.00 130.000 0.00
0560.000 0004.470 1271.300 0.00 130 0.00
0660.000 0017.230 1236.500 0.00 130 0.00
0760.000 0004.800 1195.900 0.00 130 0.00
0860.000 0003.600 1162.500 0.00 130 0.00
0960.000 0002.800 1125.200 0.00 130 0.00
1060.000 0004.800 1087.300 0.00 83.130 0.00
1160.000 0008.000 1064.800 0.00 56.840 0.00
1260.000 0022.870 1063.000 0.00 25.000 0.00
1323.400 0033.400 1101.100 0.00 25.000 0.00
1363.100 0039.200 1142.200 0.00 20.000 0.00
1386.600 0036.400 1170.300 0.00 15.000 0.00
1407.500 0032.600 1200.700 0.00 15.000 0.00
1428.600 0022.870 1239.300 0.00 0.000 0.00
1444.300 0002.970 1297.000 0.00 -16.050 0.00
1459.400 0005.800 1356.000 0.00 -14.600 0.00
1472.600 0014.200 1425.600 0.00 -12.250 0.00
1493.200 0030.400 1498.000 0.00 -10.000 0.00
1509.900 0014.500 1598.000 0.00 -15.000 0.00
1534.900 0014.500 1697.800 0.00 -10.000 0.00
1550.900 0014.500 1798.000 0.00 -2.680 0.00
1553.500 0014.500 1898.000 0.00 -3.630 0.00
1554.300 0014.500 1998.000 0.00 0.000 0.00
1559.500 0014.500 2098.000 0.00 0.000 0.00
1559.800 0014.500 2198.000 0.00 0.000 0.00
1562.920 0014.500 2297.699 0.00 -42.130 0.00
1562.720 0009.720 2369.348 0.00 -70.880 0.00
1561.264 0015.708 2416.659 0.00 -86.940 0.00
1562.400 -0032.100 2425.370 0.00 -105.680 0.00
1562.400 -0121.500 2425.370 0.00 -105.540 0.00
1562.400 -0234.400 2425.370 0.00 -105.520 0.00
1561.547 -0362.658 2425.200 0.00 -105.170 0.00
1563.400 -0370.600 2508.341 0.00 -105.980 0.00
1543.400 -0370.467 2625.914 0.00 -105.290 0.00
1418.689 -0370.783 2625.516 0.00 -105.710 0.00
1299.725 -0371.001 2624.217 0.00 -105.970 0.00
1209.374 -0350.535 2623.414 0.00 -78.340 0.00
1104.194 -0370.703 2625.661 0.00 -78.610 0.00
0999.762 -0380.848 2623.971 0.00 -86.210 0.00
0903.904 -0354.330 2624.643 0.00 87.790 0.00
0800.098 -0370.960 2624.810 0.00 83.620 0.00
0646.057 -0368.877 2624.564 0.00 79.180 0.00
0644.000 -0304.997 2626.000 0.00 65.990 0.00
0644.000 -0200.050 2626.000 0.00 58.870 0.00
0644.000 -0099.100 2626.000 0.00 60.050 0.00
0636.600 -0001.123 2625.000 0.00 73.660 0.00
0548.811 0023.394 2624.853 0.00 71.130 0.00
0420.717 0023.759 2625.894 0.00 70.380 0.00
0365.298 -0008.323 2615.263 0.00 70.070 0.00
0353.200 -0079.400 2562.400 0.00 68.220 0.00
0352.536 -0070.800 2483.100 0.00 64.880 0.00
0334.200 -0068.700 2375.300 0.00 58.790 0.00
0320.165 -0077.709 2246.878 0.00 56.730 0.00
0319.525 -0073.290 2155.323 0.00 48.860 0.00
0317.190 -0066.390 2076.400 0.00 23.610 0.00
0388.546 -0063.603 2013.312 0.00 -28.350 0.00
0388.048 -0070.800 1915.409 0.00 -34.290 0.00
0365.779 -0037.900 1817.436 0.00 3.030 0.00
0305.962 0019.566 1818.777 0.00 4.670 0.00
0204.259 0007.156 1818.777 0.00 3.160 0.00
0101.131 0021.100 1818.777 0.00 -2.500 0.00
0025.700 0011.840 1814.400 0.00 -31.570 0.00
-0104.000 0019.566 1818.777 0.00 -65.630 0.00
-0202.100 0019.566 1818.777 0.00 -87.110 0.00
-0304.600 0019.566 1821.700 0.00 -76.760 0.00
-0398.162 0036.601 1821.885 0.00 -82.100 0.00
-0396.775 0070.600 1911.700 0.00 -72.570 0.00
-0396.775 0097.780 1983.900 0.00 -71.480 0.00
-0396.775 0124.000 2058.000 0.00 -71.420 0.00
-0396.775 0152.100 2144.800 0.00 -56.060 0.00
-0396.775 0186.073 2238.216 0.00 -56.390 0.00
-0402.900 0214.994 2330.865 0.00 -71.800 0.00
-0403.100 0233.500 2395.040 0.00 -83.970 0.00
-0403.100 0150.600 2391.500 0.00 -87.860 0.00
-0403.100 0013.028 2392.600 0.00 -88.460 0.00
-0402.600 0012.930 2484.360 0.00 -88.390 0.00
-0396.775 0012.930 2589.200 0.00 -86.820 0.00
-0404.100 0012.930 2689.000 0.00 -84.270 0.00
-0396.775 0012.930 2782.900 0.00 -86.290 0.00
-0405.000 0013.008 2886.865 0.00 -89.640 0.00
-0401.300 0014.053 2989.349 0.00 -88.020 0.00
-0396.775 0104.300 3026.400 0.00 -82.780 0.00
-0402.600 0214.181 3107.088 0.00 -59.600 0.00
-0403.105 0193.089 3214.369 0.00 -3.110 0.00
-0403.596 0193.277 3305.140 0.00 13.910 0.00
-0403.193 0193.343 3405.789 0.00 37.590 0.00
-0291.019 0203.837 3405.247 0.00 43.620 0.00
-0094.033 0193.159 3404.436 0.00 30.590 0.00
0000.979 0193.109 3404.596 0.00 42.300 0.00
0101.000 0193.069 3404.990 0.00 42.220 0.00
0200.000 0193.069 3404.990 0.00 47.180 0.00
0301.783 0194.493 3404.990 0.00 62.010 0.00
0301.995 0107.338 3404.990 0.00 62.000 0.00
0407.000 0005.262 3404.990 0.00 65.310 0.00
0507.100 0005.262 3404.990 0.00 46.250 0.00
0605.084 0005.709 3404.990 0.00 6.690 0.00
0706.413 0006.722 3404.990 0.00 -19.230 0.00
0708.079 -0091.900 3406.530 0.00 -43.130 0.00
0709.619 -0202.800 3404.969 0.00 -58.000 0.00
0708.080 -0304.800 3403.257 0.00 -27.650 0.00
0708.080 -0366.040 3404.878 0.00 -36.290 0.00
0708.080 -0366.029 3508.064 0.00 -36.530 0.00
0708.080 -0366.029 3608.300 0.00 -37.080 0.00
0708.080 -0366.029 3706.900 0.00 -38.260 0.00
0708.080 -0366.029 3806.600 0.00 -36.000 0.00
0708.428 -0365.532 3902.119 0.00 -44.570 0.00
0607.000 -0366.056 3908.652 0.00 -39.080 0.00
0503.311 -0369.820 3909.300 0.00 -42.520 0.00
0403.016 -0385.197 3908.398 0.00 -39.660 0.00